28928
12712
12713
12714
12715
28929
28930
28931
42224 
42225
42226
42227
30708
30709
30710
30711
17884
17885
17886
17887
24380
24381
24382
24996
24997
24998
24999
24383
7764
15576
15577
15578
15579
7765
7766
7767
40944
40945
40946
40947
6100
6101
6102
6103
2916
2917
2918
2919
16776
16777
16778
16779
51960
51961
51962
51963
8360
8361
8362
8363
50532
50533
50534
50535
64496
64497
64498
64499
1400
1401
1402
1403
63064
63065
63066
63067
39992
39993
39994
39995
42224
42225
42226
42227
23072
23073
23074
23075
24048
24049
24050
24051
2192
2193
2194
2195
7736
7737
7738
7739
58812
58813
58814
58815
26772
26773
26774
26775
34068
34069
34070
34071
9464
9465
9466
9467
52704
52705
52706
52707
8360
8361
8362
8363