28926
28927
28928
28929
28930
28931
30708
30709
30710
30711
30712
30713
52704
52705
52706
52707
52708
52709
2916
2917
2918
2919
2920
2921
8358
52787
47892
47893
47894
47895
47896
47897
25002
25003
25004
25005
25006
25007
28929
28930
28931
30708
30709
30710
8359
8360
8361
8362
8363
59664
59665
59666
59667
59668
59669
64416
64417
64418
64419
64420
64421
28926
28927
28928
28929
28930
28931
17880
17881
17882
17883
17884
17885
43146
43147
43148
43149
43150
43151
57996
57997
57998
57999
58000
58001
52782
52783
52784
52785
52786
52787
47892
47893
47894
47895
47896
47897
25002
25003
25004
25005
25006
25007
28929
28930
28931
30708
30709
30710
30711
30712
30713
52704
52705
52706
52707
52708
52709
2916
17884
17885
43146
43147
43148
43149
43150
43151
57996
57997
57998
57999
58000
58001
52782
52783
52784
52785
52786
52787
47892
47893
47894
47895
47896
47897
25002
25003
25004
25005
25006
25007
52787
47892
47893
47894
47895
47896
47897
25002
25003
25004
25005
25006
25007
28929
28930
28931
30708
30709
30710
30711
52787
47892
47893
47894
47895
47896
47897
25002
25003
25004
25005
25006
25007